1.000000000000
0.500000000000
0.333333333333
0.250000000000
0.200000000000
0.166666666667
0.142857142857
0.125000000000
0.111111111111
0.100000000000
0.090909090909
0.083333333333
0.076923076923
0.071428571429
0.066666666667
0.062500000000
0.058823529412
0.055555555556
0.052631578947
0.050000000000
0.047619047619
0.045454545455
0.043478260870
0.041666666667
0.040000000000
0.038461538462
0.037037037037
0.035714285714
0.034482758621
0.033333333333
0.032258064516
0.031250000000
0.030303030303
0.029411764706
0.028571428571
0.027777777778
0.027027027027
0.026315789474
0.025641025641
0.025000000000
0.024390243902
0.023809523810
0.023255813953
0.022727272727
0.022222222222
0.021739130435
0.021276595745
0.020833333333
0.020408163265
0.020000000000
0.019607843137
0.019230769231
0.018867924528
0.018518518519
0.018181818182
0.017857142857
0.017543859649
0.017241379310
0.016949152542
0.016666666667
0.016393442623
0.016129032258
0.015873015873
0.015625000000
0.015384615385
0.015151515152
0.014925373134
0.014705882353
0.014492753623
0.014285714286
0.014084507042
0.013888888889
0.013698630137
0.013513513514
0.013333333333
0.013157894737
0.012987012987
0.012820512821
0.012658227848
0.012500000000
0.012345679012
0.012195121951
0.012048192771
0.011904761905
0.011764705882
0.011627906977
0.011494252874
0.011363636364
0.011235955056
0.011111111111
0.010989010989
0.010869565217
0.010752688172
0.010638297872
0.010526315789
0.010416666667
0.010309278351
0.010204081633
0.010101010101
0.010000000000
